dt	dhsl	Mode	pCa
0.0005	0	-2	6.72034
0.0005	0	-2	6.72034
0.0005	0	-2	6.72003
0.0005	0	-2	6.71973
0.0005	0	-2	6.71946
0.0005	0	-2	6.71920
0.0005	0	-2	6.71898
0.0005	0	-2	6.71879
0.0005	0	-2	6.71864
0.0005	0	-2	6.71853
0.0005	0	-2	6.71846
0.0005	0	-2	6.71844
0.0005	0	-2	6.71846
0.0005	0	-2	6.71853
0.0005	0	-2	6.71864
0.0005	0	-2	6.71879
0.0005	0	-2	6.71898
0.0005	0	-2	6.71920
0.0005	0	-2	6.71946
0.0005	0	-2	6.71973
0.0005	0	-2	6.72003
0.0005	0	-2	6.72034
0.0005	0	-2	6.72008
0.0005	0	-2	6.71983
0.0005	0	-2	6.71959
0.0005	0	-2	6.71938
0.0005	0	-2	6.71920
0.0005	0	-2	6.71904
0.0005	0	-2	6.71892
0.0005	0	-2	6.71883
0.0005	0	-2	6.71878
0.0005	0	-2	6.71876
0.0005	0	-2	6.71879
0.0005	0	-2	6.71884
0.0005	0	-2	6.71894
0.0005	0	-2	6.71907
0.0005	0	-2	6.71923
0.0005	0	-2	6.71941
0.0005	0	-2	6.71962
0.0005	0	-2	6.71985
0.0005	0	-2	6.72009
0.0005	0	-2	6.72034
0.0005	0	-2	6.71992
0.0005	0	-2	6.71951
0.0005	0	-2	6.71913
0.0005	0	-2	6.71877
0.0005	0	-2	6.71845
0.0005	0	-2	6.71817
0.0005	0	-2	6.71794
0.0005	0	-2	6.71777
0.0005	0	-2	6.71765
0.0005	0	-2	6.71760
0.0005	0	-2	6.71761
0.0005	0	-2	6.71768
0.0005	0	-2	6.71782
0.0005	0	-2	6.71802
0.0005	0	-2	6.71829
0.0005	0	-2	6.71861
0.0005	0	-2	6.71898
0.0005	0	-2	6.71940
0.0005	0	-2	6.71985
0.0005	0	-2	6.72034
0.0005	0	-2	6.72032
0.0005	0	-2	6.72033
0.0005	0	-2	6.72036
0.0005	0	-2	6.72041
0.0005	0	-2	6.72049
0.0005	0	-2	6.72058
0.0005	0	-2	6.72070
0.0005	0	-2	6.72083
0.0005	0	-2	6.72096
0.0005	0	-2	6.72109
0.0005	0	-2	6.72122
0.0005	0	-2	6.72133
0.0005	0	-2	6.72142
0.0005	0	-2	6.72147
0.0005	0	-2	6.72147
0.0005	0	-2	6.72141
0.0005	0	-2	6.72129
0.0005	0	-2	6.72107
0.0005	0	-2	6.72076
0.0005	0	-2	6.72034
0.0005	0	-2	6.71911
0.0005	0	-2	6.71776
0.0005	0	-2	6.71629
0.0005	0	-2	6.71469
0.0005	0	-2	6.71298
0.0005	0	-2	6.71114
0.0005	0	-2	6.70919
0.0005	0	-2	6.70712
0.0005	0	-2	6.70493
0.0005	0	-2	6.70262
0.0005	0	-2	6.70019
0.0005	0	-2	6.69764
0.0005	0	-2	6.69496
0.0005	0	-2	6.69216
0.0005	0	-2	6.68923
0.0005	0	-2	6.68617
0.0005	0	-2	6.68297
0.0005	0	-2	6.67963
0.0005	0	-2	6.67615
0.0005	0	-2	6.67252
0.0005	0	-2	6.66819
0.0005	0	-2	6.66372
0.0005	0	-2	6.65911
0.0005	0	-2	6.65437
0.0005	0	-2	6.64951
0.0005	0	-2	6.64454
0.0005	0	-2	6.63946
0.0005	0	-2	6.63428
0.0005	0	-2	6.62900
0.0005	0	-2	6.62364
0.0005	0	-2	6.61819
0.0005	0	-2	6.61266
0.0005	0	-2	6.60706
0.0005	0	-2	6.60138
0.0005	0	-2	6.59563
0.0005	0	-2	6.58981
0.0005	0	-2	6.58392
0.0005	0	-2	6.57797
0.0005	0	-2	6.57196
0.0005	0	-2	6.56588
0.0005	0	-2	6.55912
0.0005	0	-2	6.55231
0.0005	0	-2	6.54547
0.0005	0	-2	6.53862
0.0005	0	-2	6.53176
0.0005	0	-2	6.52491
0.0005	0	-2	6.51808
0.0005	0	-2	6.51129
0.0005	0	-2	6.50454
0.0005	0	-2	6.49786
0.0005	0	-2	6.49124
0.0005	0	-2	6.48469
0.0005	0	-2	6.47824
0.0005	0	-2	6.47187
0.0005	0	-2	6.46561
0.0005	0	-2	6.45944
0.0005	0	-2	6.45339
0.0005	0	-2	6.44745
0.0005	0	-2	6.44162
0.0005	0	-2	6.43591
0.0005	0	-2	6.42970
0.0005	0	-2	6.42363
0.0005	0	-2	6.41770
0.0005	0	-2	6.41193
0.0005	0	-2	6.40633
0.0005	0	-2	6.40092
0.0005	0	-2	6.39569
0.0005	0	-2	6.39067
0.0005	0	-2	6.38584
0.0005	0	-2	6.38124
0.0005	0	-2	6.37684
0.0005	0	-2	6.37266
0.0005	0	-2	6.36871
0.0005	0	-2	6.36497
0.0005	0	-2	6.36144
0.0005	0	-2	6.35813
0.0005	0	-2	6.35503
0.0005	0	-2	6.35213
0.0005	0	-2	6.34942
0.0005	0	-2	6.34691
0.0005	0	-2	6.34401
0.0005	0	-2	6.34129
0.0005	0	-2	6.33875
0.0005	0	-2	6.33640
0.0005	0	-2	6.33423
0.0005	0	-2	6.33224
0.0005	0	-2	6.33043
0.0005	0	-2	6.32879
0.0005	0	-2	6.32731
0.0005	0	-2	6.32600
0.0005	0	-2	6.32485
0.0005	0	-2	6.32384
0.0005	0	-2	6.32297
0.0005	0	-2	6.32223
0.0005	0	-2	6.32161
0.0005	0	-2	6.32109
0.0005	0	-2	6.32067
0.0005	0	-2	6.32032
0.0005	0	-2	6.32005
0.0005	0	-2	6.31983
0.0005	0	-2	6.31900
0.0005	0	-2	6.31821
0.0005	0	-2	6.31747
0.0005	0	-2	6.31677
0.0005	0	-2	6.31612
0.0005	0	-2	6.31551
0.0005	0	-2	6.31495
0.0005	0	-2	6.31444
0.0005	0	-2	6.31397
0.0005	0	-2	6.31354
0.0005	0	-2	6.31316
0.0005	0	-2	6.31281
0.0005	0	-2	6.31250
0.0005	0	-2	6.31223
0.0005	0	-2	6.31198
0.0005	0	-2	6.31175
0.0005	0	-2	6.31155
0.0005	0	-2	6.31135
0.0005	0	-2	6.31117
0.0005	0	-2	6.31098
0.0005	0	-2	6.31022
0.0005	0	-2	6.30946
0.0005	0	-2	6.30870
0.0005	0	-2	6.30795
0.0005	0	-2	6.30722
0.0005	0	-2	6.30651
0.0005	0	-2	6.30582
0.0005	0	-2	6.30516
0.0005	0	-2	6.30452
0.0005	0	-2	6.30392
0.0005	0	-2	6.30335
0.0005	0	-2	6.30280
0.0005	0	-2	6.30229
0.0005	0	-2	6.30180
0.0005	0	-2	6.30134
0.0005	0	-2	6.30090
0.0005	0	-2	6.30048
0.0005	0	-2	6.30007
0.0005	0	-2	6.29966
0.0005	0	-2	6.29926
0.0005	0	-2	6.29828
0.0005	0	-2	6.29731
0.0005	0	-2	6.29634
0.0005	0	-2	6.29538
0.0005	0	-2	6.29445
0.0005	0	-2	6.29354
0.0005	0	-2	6.29266
0.0005	0	-2	6.29181
0.0005	0	-2	6.29100
0.0005	0	-2	6.29022
0.0005	0	-2	6.28948
0.0005	0	-2	6.28877
0.0005	0	-2	6.28811
0.0005	0	-2	6.28748
0.0005	0	-2	6.28688
0.0005	0	-2	6.28632
0.0005	0	-2	6.28578
0.0005	0	-2	6.28528
0.0005	0	-2	6.28479
0.0005	0	-2	6.28432
0.0005	0	-2	6.28319
0.0005	0	-2	6.28207
0.0005	0	-2	6.28099
0.0005	0	-2	6.27996
0.0005	0	-2	6.27898
0.0005	0	-2	6.27806
0.0005	0	-2	6.27720
0.0005	0	-2	6.27642
0.0005	0	-2	6.27573
0.0005	0	-2	6.27511
0.0005	0	-2	6.27459
0.0005	0	-2	6.27416
0.0005	0	-2	6.27382
0.0005	0	-2	6.27357
0.0005	0	-2	6.27341
0.0005	0	-2	6.27335
0.0005	0	-2	6.27336
0.0005	0	-2	6.27345
0.0005	0	-2	6.27362
0.0005	0	-2	6.27385
0.0005	0	-2	6.27370
0.0005	0	-2	6.27360
0.0005	0	-2	6.27356
0.0005	0	-2	6.27358
0.0005	0	-2	6.27366
0.0005	0	-2	6.27379
0.0005	0	-2	6.27397
0.0005	0	-2	6.27420
0.0005	0	-2	6.27447
0.0005	0	-2	6.27478
0.0005	0	-2	6.27511
0.0005	0	-2	6.27546
0.0005	0	-2	6.27583
0.0005	0	-2	6.27620
0.0005	0	-2	6.27656
0.0005	0	-2	6.27691
0.0005	0	-2	6.27723
0.0005	0	-2	6.27752
0.0005	0	-2	6.27777
0.0005	0	-2	6.27795
0.0005	0	-2	6.27735
0.0005	0	-2	6.27668
0.0005	0	-2	6.27597
0.0005	0	-2	6.27521
0.0005	0	-2	6.27442
0.0005	0	-2	6.27361
0.0005	0	-2	6.27277
0.0005	0	-2	6.27193
0.0005	0	-2	6.27108
0.0005	0	-2	6.27023
0.0005	0	-2	6.26939
0.0005	0	-2	6.26857
0.0005	0	-2	6.26777
0.0005	0	-2	6.26698
0.0005	0	-2	6.26623
0.0005	0	-2	6.26550
0.0005	0	-2	6.26481
0.0005	0	-2	6.26414
0.0005	0	-2	6.26351
0.0005	0	-2	6.26291
0.0005	0	-2	6.26187
0.0005	0	-2	6.26087
0.0005	0	-2	6.25992
0.0005	0	-2	6.25902
0.0005	0	-2	6.25818
0.0005	0	-2	6.25740
0.0005	0	-2	6.25669
0.0005	0	-2	6.25605
0.0005	0	-2	6.25549
0.0005	0	-2	6.25499
0.0005	0	-2	6.25457
0.0005	0	-2	6.25422
0.0005	0	-2	6.25393
0.0005	0	-2	6.25371
0.0005	0	-2	6.25354
0.0005	0	-2	6.25343
0.0005	0	-2	6.25336
0.0005	0	-2	6.25333
0.0005	0	-2	6.25332
0.0005	0	-2	6.25334
0.0005	0	-2	6.25274
0.0005	0	-2	6.25215
0.0005	0	-2	6.25159
0.0005	0	-2	6.25105
0.0005	0	-2	6.25053
0.0005	0	-2	6.25005
0.0005	0	-2	6.24959
0.0005	0	-2	6.24917
0.0005	0	-2	6.24878
0.0005	0	-2	6.24842
0.0005	0	-2	6.24809
0.0005	0	-2	6.24780
0.0005	0	-2	6.24753
0.0005	0	-2	6.24729
0.0005	0	-2	6.24707
0.0005	0	-2	6.24687
0.0005	0	-2	6.24669
0.0005	0	-2	6.24652
0.0005	0	-2	6.24636
0.0005	0	-2	6.24619
0.0005	0	-2	6.24542
0.0005	0	-2	6.24464
0.0005	0	-2	6.24388
0.0005	0	-2	6.24313
0.0005	0	-2	6.24241
0.0005	0	-2	6.24173
0.0005	0	-2	6.24107
0.0005	0	-2	6.24046
0.0005	0	-2	6.23990
0.0005	0	-2	6.23938
0.0005	0	-2	6.23892
0.0005	0	-2	6.23851
0.0005	0	-2	6.23816
0.0005	0	-2	6.23785
0.0005	0	-2	6.23761
0.0005	0	-2	6.23741
0.0005	0	-2	6.23726
0.0005	0	-2	6.23716
0.0005	0	-2	6.23709
0.0005	0	-2	6.23707
0.0005	0	-2	6.23656
0.0005	0	-2	6.23609
0.0005	0	-2	6.23566
0.0005	0	-2	6.23528
0.0005	0	-2	6.23493
0.0005	0	-2	6.23464
0.0005	0	-2	6.23440
0.0005	0	-2	6.23420
0.0005	0	-2	6.23406
0.0005	0	-2	6.23396
0.0005	0	-2	6.23392
0.0005	0	-2	6.23391
0.0005	0	-2	6.23395
0.0005	0	-2	6.23402
0.0005	0	-2	6.23413
0.0005	0	-2	6.23427
0.0005	0	-2	6.23442
0.0005	0	-2	6.23459
0.0005	0	-2	6.23477
0.0005	0	-2	6.23495
0.0005	0	-2	6.23445
0.0005	0	-2	6.23396
0.0005	0	-2	6.23348
0.0005	0	-2	6.23301
0.0005	0	-2	6.23257
0.0005	0	-2	6.23217
0.0005	0	-2	6.23180
0.0005	0	-2	6.23147
0.0005	0	-2	6.23120
0.0005	0	-2	6.23097
0.0005	0	-2	6.23080
0.0005	0	-2	6.23070
0.0005	0	-2	6.23065
0.0005	0	-2	6.23066
0.0005	0	-2	6.23073
0.0005	0	-2	6.23086
0.0005	0	-2	6.23104
0.0005	0	-2	6.23128
0.0005	0	-2	6.23156
0.0005	0	-2	6.23189
0.0005	0	-2	6.23177
0.0005	0	-2	6.23169
0.0005	0	-2	6.23165
0.0005	0	-2	6.23167
0.0005	0	-2	6.23173
0.0005	0	-2	6.23185
0.0005	0	-2	6.23203
0.0005	0	-2	6.23225
0.0005	0	-2	6.23253
0.0005	0	-2	6.23285
0.0005	0	-2	6.23322
0.0005	0	-2	6.23363
0.0005	0	-2	6.23408
0.0005	0	-2	6.23455
0.0005	0	-2	6.23505
0.0005	0	-2	6.23556
0.0005	0	-2	6.23608
0.0005	0	-2	6.23660
0.0005	0	-2	6.23711
0.0005	0	-2	6.23760
0.0005	0	-2	6.23742
0.0005	0	-2	6.23723
0.0005	0	-2	6.23701
0.0005	0	-2	6.23678
0.0005	0	-2	6.23653
0.0005	0	-2	6.23629
0.0005	0	-2	6.23603
0.0005	0	-2	6.23578
0.0005	0	-2	6.23553
0.0005	0	-2	6.23529
0.0005	0	-2	6.23505
0.0005	0	-2	6.23481
0.0005	0	-2	6.23459
0.0005	0	-2	6.23437
0.0005	0	-2	6.23415
0.0005	0	-2	6.23394
0.0005	0	-2	6.23374
0.0005	0	-2	6.23353
0.0005	0	-2	6.23331
0.0005	0	-2	6.23310
0.0005	0	-2	6.23230
0.0005	0	-2	6.23150
0.0005	0	-2	6.23071
0.0005	0	-2	6.22993
0.0005	0	-2	6.22917
0.0005	0	-2	6.22844
0.0005	0	-2	6.22774
0.0005	0	-2	6.22709
0.0005	0	-2	6.22647
0.0005	0	-2	6.22590
0.0005	0	-2	6.22538
0.0005	0	-2	6.22491
0.0005	0	-2	6.22449
0.0005	0	-2	6.22412
0.0005	0	-2	6.22379
0.0005	0	-2	6.22351
0.0005	0	-2	6.22328
0.0005	0	-2	6.22308
0.0005	0	-2	6.22291
0.0005	0	-2	6.22278
0.0005	0	-2	6.22211
0.0005	0	-2	6.22148
0.0005	0	-2	6.22088
0.0005	0	-2	6.22032
0.0005	0	-2	6.21979
0.0005	0	-2	6.21931
0.0005	0	-2	6.21888
0.0005	0	-2	6.21849
0.0005	0	-2	6.21815
0.0005	0	-2	6.21785
0.0005	0	-2	6.21760
0.0005	0	-2	6.21740
0.0005	0	-2	6.21723
0.0005	0	-2	6.21710
0.0005	0	-2	6.21701
0.0005	0	-2	6.21694
0.0005	0	-2	6.21690
0.0005	0	-2	6.21687
0.0005	0	-2	6.21685
0.0005	0	-2	6.21684
0.0005	0	-2	6.21619
0.0005	0	-2	6.21554
0.0005	0	-2	6.21491
0.0005	0	-2	6.21429
0.0005	0	-2	6.21369
0.0005	0	-2	6.21312
0.0005	0	-2	6.21259
0.0005	0	-2	6.21209
0.0005	0	-2	6.21164
0.0005	0	-2	6.21123
0.0005	0	-2	6.21086
0.0005	0	-2	6.21055
0.0005	0	-2	6.21028
0.0005	0	-2	6.21005
0.0005	0	-2	6.20988
0.0005	0	-2	6.20975
0.0005	0	-2	6.20966
0.0005	0	-2	6.20961
0.0005	0	-2	6.20959
0.0005	0	-2	6.20960
0.0005	0	-2	6.20911
0.0005	0	-2	6.20866
0.0005	0	-2	6.20823
0.0005	0	-2	6.20785
0.0005	0	-2	6.20750
0.0005	0	-2	6.20720
0.0005	0	-2	6.20695
0.0005	0	-2	6.20675
0.0005	0	-2	6.20660
0.0005	0	-2	6.20650
0.0005	0	-2	6.20644
0.0005	0	-2	6.20643
0.0005	0	-2	6.20646
0.0005	0	-2	6.20653
0.0005	0	-2	6.20664
0.0005	0	-2	6.20677
0.0005	0	-2	6.20693
0.0005	0	-2	6.20711
0.0005	0	-2	6.20729
0.0005	0	-2	6.20748
0.0005	0	-2	6.20706
0.0005	0	-2	6.20664
0.0005	0	-2	6.20622
0.0005	0	-2	6.20582
0.0005	0	-2	6.20543
0.0005	0	-2	6.20507
0.0005	0	-2	6.20474
0.0005	0	-2	6.20443
0.0005	0	-2	6.20416
0.0005	0	-2	6.20392
0.0005	0	-2	6.20372
0.0005	0	-2	6.20355
0.0005	0	-2	6.20342
0.0005	0	-2	6.20332
0.0005	0	-2	6.20326
0.0005	0	-2	6.20323
0.0005	0	-2	6.20323
0.0005	0	-2	6.20325
0.0005	0	-2	6.20329
0.0005	0	-2	6.20335
0.0005	0	-2	6.20285
0.0005	0	-2	6.20237
0.0005	0	-2	6.20191
0.0005	0	-2	6.20148
0.0005	0	-2	6.20109
0.0005	0	-2	6.20074
0.0005	0	-2	6.20044
0.0005	0	-2	6.20020
0.0005	0	-2	6.20000
0.0005	0	-2	6.19986
0.0005	0	-2	6.19977
0.0005	0	-2	6.19975
0.0005	0	-2	6.19977
0.0005	0	-2	6.19985
0.0005	0	-2	6.19997
0.0005	0	-2	6.20015
0.0005	0	-2	6.20036
0.0005	0	-2	6.20061
0.0005	0	-2	6.20088
0.0005	0	-2	6.20118
0.0005	0	-2	6.20096
0.0005	0	-2	6.20075
0.0005	0	-2	6.20057
0.0005	0	-2	6.20041
0.0005	0	-2	6.20029
0.0005	0	-2	6.20019
0.0005	0	-2	6.20012
0.0005	0	-2	6.20009
0.0005	0	-2	6.20009
0.0005	0	-2	6.20012
0.0005	0	-2	6.20018
0.0005	0	-2	6.20027
0.0005	0	-2	6.20038
0.0005	0	-2	6.20051
0.0005	0	-2	6.20066
0.0005	0	-2	6.20081
0.0005	0	-2	6.20098
0.0005	0	-2	6.20114
0.0005	0	-2	6.20129
0.0005	0	-2	6.20143
0.0005	0	-2	6.20091
0.0005	0	-2	6.20037
0.0005	0	-2	6.19983
0.0005	0	-2	6.19929
0.0005	0	-2	6.19876
0.0005	0	-2	6.19825
0.0005	0	-2	6.19776
0.0005	0	-2	6.19729
0.0005	0	-2	6.19686
0.0005	0	-2	6.19647
0.0005	0	-2	6.19611
0.0005	0	-2	6.19580
0.0005	0	-2	6.19552
0.0005	0	-2	6.19529
0.0005	0	-2	6.19511
0.0005	0	-2	6.19496
0.0005	0	-2	6.19485
0.0005	0	-2	6.19477
0.0005	0	-2	6.19473
0.0005	0	-2	6.19471
0.0005	0	-2	6.19423
0.0005	0	-2	6.19377
0.0005	0	-2	6.19335
0.0005	0	-2	6.19296
0.0005	0	-2	6.19260
0.0005	0	-2	6.19228
0.0005	0	-2	6.19199
0.0005	0	-2	6.19175
0.0005	0	-2	6.19154
0.0005	0	-2	6.19136
0.0005	0	-2	6.19122
0.0005	0	-2	6.19110
0.0005	0	-2	6.19101
0.0005	0	-2	6.19095
0.0005	0	-2	6.19089
0.0005	0	-2	6.19085
0.0005	0	-2	6.19080
0.0005	0	-2	6.19076
0.0005	0	-2	6.19070
0.0005	0	-2	6.19063
0.0005	0	-2	6.18985
0.0005	0	-2	6.18906
0.0005	0	-2	6.18826
0.0005	0	-2	6.18746
0.0005	0	-2	6.18667
0.0005	0	-2	6.18589
0.0005	0	-2	6.18512
0.0005	0	-2	6.18439
0.0005	0	-2	6.18368
0.0005	0	-2	6.18302
0.0005	0	-2	6.18239
0.0005	0	-2	6.18180
0.0005	0	-2	6.18127
0.0005	0	-2	6.18078
0.0005	0	-2	6.18034
0.0005	0	-2	6.17995
0.0005	0	-2	6.17960
0.0005	0	-2	6.17930
0.0005	0	-2	6.17905
0.0005	0	-2	6.17884
0.0005	0	-2	6.17818
0.0005	0	-2	6.17756
0.0005	0	-2	6.17699
0.0005	0	-2	6.17648
0.0005	0	-2	6.17602
0.0005	0	-2	6.17563
0.0005	0	-2	6.17530
0.0005	0	-2	6.17503
0.0005	0	-2	6.17483
0.0005	0	-2	6.17470
0.0005	0	-2	6.17464
0.0005	0	-2	6.17463
0.0005	0	-2	6.17468
0.0005	0	-2	6.17479
0.0005	0	-2	6.17495
0.0005	0	-2	6.17515
0.0005	0	-2	6.17539
0.0005	0	-2	6.17566
0.0005	0	-2	6.17596
0.0005	0	-2	6.17627
0.0005	0	-2	6.17595
0.0005	0	-2	6.17564
0.0005	0	-2	6.17535
0.0005	0	-2	6.17508
0.0005	0	-2	6.17485
0.0005	0	-2	6.17466
0.0005	0	-2	6.17450
0.0005	0	-2	6.17439
0.0005	0	-2	6.17432
0.0005	0	-2	6.17431
0.0005	0	-2	6.17434
0.0005	0	-2	6.17443
0.0005	0	-2	6.17456
0.0005	0	-2	6.17474
0.0005	0	-2	6.17498
0.0005	0	-2	6.17525
0.0005	0	-2	6.17557
0.0005	0	-2	6.17592
0.0005	0	-2	6.17631
0.0005	0	-2	6.17673
0.0005	0	-2	6.17664
0.0005	0	-2	6.17658
0.0005	0	-2	6.17656
0.0005	0	-2	6.17656
0.0005	0	-2	6.17661
0.0005	0	-2	6.17671
0.0005	0	-2	6.17684
0.0005	0	-2	6.17703
0.0005	0	-2	6.17726
0.0005	0	-2	6.17754
0.0005	0	-2	6.17786
0.0005	0	-2	6.17823
0.0005	0	-2	6.17864
0.0005	0	-2	6.17909
0.0005	0	-2	6.17957
0.0005	0	-2	6.18008
0.0005	0	-2	6.18062
0.0005	0	-2	6.18117
0.0005	0	-2	6.18173
0.0005	0	-2	6.18230
0.0005	0	-2	6.18225
0.0005	0	-2	6.18220
0.0005	0	-2	6.18216
0.0005	0	-2	6.18214
0.0005	0	-2	6.18214
0.0005	0	-2	6.18216
0.0005	0	-2	6.18222
0.0005	0	-2	6.18231
0.0005	0	-2	6.18244
0.0005	0	-2	6.18262
0.0005	0	-2	6.18283
0.0005	0	-2	6.18308
0.0005	0	-2	6.18338
0.0005	0	-2	6.18372
0.0005	0	-2	6.18409
0.0005	0	-2	6.18451
0.0005	0	-2	6.18495
0.0005	0	-2	6.18543
0.0005	0	-2	6.18593
0.0005	0	-2	6.18645
0.0005	0	-2	6.18646
0.0005	0	-2	6.18648
0.0005	0	-2	6.18652
0.0005	0	-2	6.18660
0.0005	0	-2	6.18671
0.0005	0	-2	6.18685
0.0005	0	-2	6.18704
0.0005	0	-2	6.18727
0.0005	0	-2	6.18754
0.0005	0	-2	6.18785
0.0005	0	-2	6.18821
0.0005	0	-2	6.18860
0.0005	0	-2	6.18904
0.0005	0	-2	6.18951
0.0005	0	-2	6.19002
0.0005	0	-2	6.19055
0.0005	0	-2	6.19111
0.0005	0	-2	6.19168
0.0005	0	-2	6.19226
0.0005	0	-2	6.19285
0.0005	0	-2	6.19282
0.0005	0	-2	6.19280
0.0005	0	-2	6.19279
0.0005	0	-2	6.19279
0.0005	0	-2	6.19283
0.0005	0	-2	6.19289
0.0005	0	-2	6.19298
0.0005	0	-2	6.19311
0.0005	0	-2	6.19329
0.0005	0	-2	6.19351
0.0005	0	-2	6.19377
0.0005	0	-2	6.19408
0.0005	0	-2	6.19444
0.0005	0	-2	6.19484
0.0005	0	-2	6.19528
0.0005	0	-2	6.19577
0.0005	0	-2	6.19630
0.0005	0	-2	6.19686
0.0005	0	-2	6.19745
0.0005	0	-2	6.19806
0.0005	0	-2	6.19816
0.0005	0	-2	6.19828
0.0005	0	-2	6.19843
0.0005	0	-2	6.19862
0.0005	0	-2	6.19884
0.0005	0	-2	6.19910
0.0005	0	-2	6.19941
0.0005	0	-2	6.19976
0.0005	0	-2	6.20016
0.0005	0	-2	6.20060
0.0005	0	-2	6.20109
0.0005	0	-2	6.20162
0.0005	0	-2	6.20219
0.0005	0	-2	6.20279
0.0005	0	-2	6.20343
0.0005	0	-2	6.20410
0.0005	0	-2	6.20479
0.0005	0	-2	6.20549
0.0005	0	-2	6.20621
0.0005	0	-2	6.20693
0.0005	0	-2	6.20703
0.0005	0	-2	6.20713
0.0005	0	-2	6.20724
0.0005	0	-2	6.20737
0.0005	0	-2	6.20752
0.0005	0	-2	6.20769
0.0005	0	-2	6.20789
0.0005	0	-2	6.20813
0.0005	0	-2	6.20841
0.0005	0	-2	6.20872
0.0005	0	-2	6.20907
0.0005	0	-2	6.20946
0.0005	0	-2	6.20990
0.0005	0	-2	6.21037
0.0005	0	-2	6.21088
0.0005	0	-2	6.21143
0.0005	0	-2	6.21201
0.0005	0	-2	6.21261
0.0005	0	-2	6.21324
0.0005	0	-2	6.21388
0.0005	0	-2	6.21400
0.0005	0	-2	6.21413
0.0005	0	-2	6.21429
0.0005	0	-2	6.21447
0.0005	0	-2	6.21468
0.0005	0	-2	6.21493
0.0005	0	-2	6.21521
0.0005	0	-2	6.21553
0.0005	0	-2	6.21589
0.0005	0	-2	6.21628
0.0005	0	-2	6.21672
0.0005	0	-2	6.21719
0.0005	0	-2	6.21769
0.0005	0	-2	6.21822
0.0005	0	-2	6.21879
0.0005	0	-2	6.21937
0.0005	0	-2	6.21997
0.0005	0	-2	6.22058
0.0005	0	-2	6.22119
0.0005	0	-2	6.22180
0.0005	0	-2	6.22180
0.0005	0	-2	6.22179
0.0005	0	-2	6.22178
0.0005	0	-2	6.22179
0.0005	0	-2	6.22180
0.0005	0	-2	6.22184
0.0005	0	-2	6.22190
0.0005	0	-2	6.22199
0.0005	0	-2	6.22211
0.0005	0	-2	6.22226
0.0005	0	-2	6.22245
0.0005	0	-2	6.22267
0.0005	0	-2	6.22292
0.0005	0	-2	6.22321
0.0005	0	-2	6.22352
0.0005	0	-2	6.22387
0.0005	0	-2	6.22424
0.0005	0	-2	6.22464
0.0005	0	-2	6.22505
0.0005	0	-2	6.22548
0.0005	0	-2	6.22535
0.0005	0	-2	6.22524
0.0005	0	-2	6.22514
0.0005	0	-2	6.22508
0.0005	0	-2	6.22504
0.0005	0	-2	6.22505
0.0005	0	-2	6.22509
0.0005	0	-2	6.22518
0.0005	0	-2	6.22531
0.0005	0	-2	6.22549
0.0005	0	-2	6.22571
0.0005	0	-2	6.22599
0.0005	0	-2	6.22631
0.0005	0	-2	6.22667
0.0005	0	-2	6.22707
0.0005	0	-2	6.22751
0.0005	0	-2	6.22798
0.0005	0	-2	6.22848
0.0005	0	-2	6.22900
0.0005	0	-2	6.22953
0.0005	0	-2	6.22950
0.0005	0	-2	6.22948
0.0005	0	-2	6.22948
0.0005	0	-2	6.22951
0.0005	0	-2	6.22956
0.0005	0	-2	6.22965
0.0005	0	-2	6.22977
0.0005	0	-2	6.22994
0.0005	0	-2	6.23014
0.0005	0	-2	6.23038
0.0005	0	-2	6.23067
0.0005	0	-2	6.23100
0.0005	0	-2	6.23136
0.0005	0	-2	6.23177
0.0005	0	-2	6.23221
0.0005	0	-2	6.23268
0.0005	0	-2	6.23317
0.0005	0	-2	6.23369
0.0005	0	-2	6.23423
0.0005	0	-2	6.23479
0.0005	0	-2	6.23473
0.0005	0	-2	6.23470
0.0005	0	-2	6.23468
0.0005	0	-2	6.23469
0.0005	0	-2	6.23474
0.0005	0	-2	6.23483
0.0005	0	-2	6.23496
0.0005	0	-2	6.23514
0.0005	0	-2	6.23538
0.0005	0	-2	6.23566
0.0005	0	-2	6.23601
0.0005	0	-2	6.23642
0.0005	0	-2	6.23688
0.0005	0	-2	6.23740
0.0005	0	-2	6.23797
0.0005	0	-2	6.23860
0.0005	0	-2	6.23927
0.0005	0	-2	6.23999
0.0005	0	-2	6.24074
0.0005	0	-2	6.24153
0.0005	0	-2	6.24183
0.0005	0	-2	6.24215
0.0005	0	-2	6.24252
0.0005	0	-2	6.24292
0.0005	0	-2	6.24336
0.0005	0	-2	6.24385
0.0005	0	-2	6.24438
0.0005	0	-2	6.24497
0.0005	0	-2	6.24559
0.0005	0	-2	6.24627
0.0005	0	-2	6.24699
0.0005	0	-2	6.24775
0.0005	0	-2	6.24855
0.0005	0	-2	6.24939
0.0005	0	-2	6.25025
0.0005	0	-2	6.25115
0.0005	0	-2	6.25206
0.0005	0	-2	6.25299
0.0005	0	-2	6.25393
0.0005	0	-2	6.25487
0.0005	0	-2	6.25515
0.0005	0	-2	6.25544
0.0005	0	-2	6.25573
0.0005	0	-2	6.25604
0.0005	0	-2	6.25638
0.0005	0	-2	6.25675
0.0005	0	-2	6.25716
0.0005	0	-2	6.25761
0.0005	0	-2	6.25811
0.0005	0	-2	6.25866
0.0005	0	-2	6.25927
0.0005	0	-2	6.25993
0.0005	0	-2	6.26065
0.0005	0	-2	6.26143
0.0005	0	-2	6.26226
0.0005	0	-2	6.26315
0.0005	0	-2	6.26410
0.0005	0	-2	6.26509
0.0005	0	-2	6.26613
0.0005	0	-2	6.26721
0.0005	0	-2	6.26781
0.0005	0	-2	6.26845
0.0005	0	-2	6.26913
0.0005	0	-2	6.26986
0.0005	0	-2	6.27065
0.0005	0	-2	6.27148
0.0005	0	-2	6.27237
0.0005	0	-2	6.27331
0.0005	0	-2	6.27430
0.0005	0	-2	6.27534
0.0005	0	-2	6.27642
0.0005	0	-2	6.27755
0.0005	0	-2	6.27872
0.0005	0	-2	6.27991
0.0005	0	-2	6.28114
0.0005	0	-2	6.28237
0.0005	0	-2	6.28362
0.0005	0	-2	6.28487
0.0005	0	-2	6.28612
0.0005	0	-2	6.28734
0.0005	0	-2	6.28792
0.0005	0	-2	6.28848
0.0005	0	-2	6.28902
0.0005	0	-2	6.28954
0.0005	0	-2	6.29006
0.0005	0	-2	6.29056
0.0005	0	-2	6.29106
0.0005	0	-2	6.29155
0.0005	0	-2	6.29204
0.0005	0	-2	6.29252
0.0005	0	-2	6.29301
0.0005	0	-2	6.29349
0.0005	0	-2	6.29397
0.0005	0	-2	6.29444
0.0005	0	-2	6.29491
0.0005	0	-2	6.29537
0.0005	0	-2	6.29581
0.0005	0	-2	6.29624
0.0005	0	-2	6.29666
0.0005	0	-2	6.29704
0.0005	0	-2	6.29681
0.0005	0	-2	6.29656
0.0005	0	-2	6.29629
0.0005	0	-2	6.29603
0.0005	0	-2	6.29577
0.0005	0	-2	6.29552
0.0005	0	-2	6.29529
0.0005	0	-2	6.29509
0.0005	0	-2	6.29492
0.0005	0	-2	6.29478
0.0005	0	-2	6.29468
0.0005	0	-2	6.29461
0.0005	0	-2	6.29459
0.0005	0	-2	6.29461
0.0005	0	-2	6.29467
0.0005	0	-2	6.29477
0.0005	0	-2	6.29490
0.0005	0	-2	6.29507
0.0005	0	-2	6.29527
0.0005	0	-2	6.29549
0.0005	0	-2	6.29521
0.0005	0	-2	6.29495
0.0005	0	-2	6.29472
0.0005	0	-2	6.29453
0.0005	0	-2	6.29438
0.0005	0	-2	6.29427
0.0005	0	-2	6.29421
0.0005	0	-2	6.29419
0.0005	0	-2	6.29422
0.0005	0	-2	6.29430
0.0005	0	-2	6.29443
0.0005	0	-2	6.29460
0.0005	0	-2	6.29482
0.0005	0	-2	6.29507
0.0005	0	-2	6.29536
0.0005	0	-2	6.29568
0.0005	0	-2	6.29603
0.0005	0	-2	6.29639
0.0005	0	-2	6.29677
0.0005	0	-2	6.29715
0.0005	0	-2	6.29689
0.0005	0	-2	6.29663
0.0005	0	-2	6.29639
0.0005	0	-2	6.29617
0.0005	0	-2	6.29599
0.0005	0	-2	6.29584
0.0005	0	-2	6.29573
0.0005	0	-2	6.29567
0.0005	0	-2	6.29566
0.0005	0	-2	6.29571
0.0005	0	-2	6.29582
0.0005	0	-2	6.29599
0.0005	0	-2	6.29622
0.0005	0	-2	6.29651
0.0005	0	-2	6.29687
0.0005	0	-2	6.29729
0.0005	0	-2	6.29777
0.0005	0	-2	6.29830
0.0005	0	-2	6.29889
0.0005	0	-2	6.29953
0.0005	0	-2	6.29965
0.0005	0	-2	6.29983
0.0005	0	-2	6.30006
0.0005	0	-2	6.30035
0.0005	0	-2	6.30071
0.0005	0	-2	6.30114
0.0005	0	-2	6.30164
0.0005	0	-2	6.30221
0.0005	0	-2	6.30285
0.0005	0	-2	6.30357
0.0005	0	-2	6.30436
0.0005	0	-2	6.30522
0.0005	0	-2	6.30614
0.0005	0	-2	6.30713
0.0005	0	-2	6.30816
0.0005	0	-2	6.30925
0.0005	0	-2	6.31038
0.0005	0	-2	6.31154
0.0005	0	-2	6.31273
0.0005	0	-2	6.31393
0.0005	0	-2	6.31459
0.0005	0	-2	6.31526
0.0005	0	-2	6.31594
0.0005	0	-2	6.31663
0.0005	0	-2	6.31734
0.0005	0	-2	6.31805
0.0005	0	-2	6.31878
0.0005	0	-2	6.31952
0.0005	0	-2	6.32027
0.0005	0	-2	6.32102
0.0005	0	-2	6.32179
0.0005	0	-2	6.32256
0.0005	0	-2	6.32333
0.0005	0	-2	6.32409
0.0005	0	-2	6.32485
0.0005	0	-2	6.32560
0.0005	0	-2	6.32634
0.0005	0	-2	6.32706
0.0005	0	-2	6.32775
0.0005	0	-2	6.32842
0.0005	0	-2	6.32833
0.0005	0	-2	6.32823
0.0005	0	-2	6.32811
0.0005	0	-2	6.32800
0.0005	0	-2	6.32791
0.0005	0	-2	6.32784
0.0005	0	-2	6.32780
0.0005	0	-2	6.32781
0.0005	0	-2	6.32788
0.0005	0	-2	6.32801
0.0005	0	-2	6.32820
0.0005	0	-2	6.32847
0.0005	0	-2	6.32882
0.0005	0	-2	6.32926
0.0005	0	-2	6.32977
0.0005	0	-2	6.33037
0.0005	0	-2	6.33106
0.0005	0	-2	6.33183
0.0005	0	-2	6.33268
0.0005	0	-2	6.33360
0.0005	0	-2	6.33420
0.0005	0	-2	6.33488
0.0005	0	-2	6.33562
0.0005	0	-2	6.33644
0.0005	0	-2	6.33732
0.0005	0	-2	6.33828
0.0005	0	-2	6.33929
0.0005	0	-2	6.34036
0.0005	0	-2	6.34148
0.0005	0	-2	6.34265
0.0005	0	-2	6.34385
0.0005	0	-2	6.34508
0.0005	0	-2	6.34632
0.0005	0	-2	6.34757
0.0005	0	-2	6.34881
0.0005	0	-2	6.35004
0.0005	0	-2	6.35124
0.0005	0	-2	6.35240
0.0005	0	-2	6.35351
0.0005	0	-2	6.35456
0.0005	0	-2	6.35474
0.0005	0	-2	6.35485
0.0005	0	-2	6.35490
0.0005	0	-2	6.35490
0.0005	0	-2	6.35486
0.0005	0	-2	6.35478
0.0005	0	-2	6.35468
0.0005	0	-2	6.35455
0.0005	0	-2	6.35442
0.0005	0	-2	6.35428
0.0005	0	-2	6.35414
0.0005	0	-2	6.35402
0.0005	0	-2	6.35390
0.0005	0	-2	6.35380
0.0005	0	-2	6.35373
0.0005	0	-2	6.35368
0.0005	0	-2	6.35366
0.0005	0	-2	6.35366
0.0005	0	-2	6.35370
0.0005	0	-2	6.35376
0.0005	0	-2	6.35342
0.0005	0	-2	6.35311
0.0005	0	-2	6.35285
0.0005	0	-2	6.35263
0.0005	0	-2	6.35247
0.0005	0	-2	6.35237
0.0005	0	-2	6.35232
0.0005	0	-2	6.35234
0.0005	0	-2	6.35243
0.0005	0	-2	6.35257
0.0005	0	-2	6.35278
0.0005	0	-2	6.35304
0.0005	0	-2	6.35336
0.0005	0	-2	6.35372
0.0005	0	-2	6.35414
0.0005	0	-2	6.35458
0.0005	0	-2	6.35506
0.0005	0	-2	6.35556
0.0005	0	-2	6.35608
0.0005	0	-2	6.35660
0.0005	0	-2	6.35648
0.0005	0	-2	6.35637
0.0005	0	-2	6.35626
0.0005	0	-2	6.35616
0.0005	0	-2	6.35607
0.0005	0	-2	6.35601
0.0005	0	-2	6.35596
0.0005	0	-2	6.35594
0.0005	0	-2	6.35594
0.0005	0	-2	6.35598
0.0005	0	-2	6.35604
0.0005	0	-2	6.35613
0.0005	0	-2	6.35625
0.0005	0	-2	6.35640
0.0005	0	-2	6.35659
0.0005	0	-2	6.35679
0.0005	0	-2	6.35703
0.0005	0	-2	6.35729
0.0005	0	-2	6.35757
0.0005	0	-2	6.35787
0.0005	0	-2	6.35749
0.0005	0	-2	6.35714
0.0005	0	-2	6.35683
0.0005	0	-2	6.35657
0.0005	0	-2	6.35637
0.0005	0	-2	6.35624
0.0005	0	-2	6.35619
0.0005	0	-2	6.35624
0.0005	0	-2	6.35637
0.0005	0	-2	6.35661
0.0005	0	-2	6.35696
0.0005	0	-2	6.35741
0.0005	0	-2	6.35797
0.0005	0	-2	6.35864
0.0005	0	-2	6.35942
0.0005	0	-2	6.36031
0.0005	0	-2	6.36130
0.0005	0	-2	6.36239
0.0005	0	-2	6.36356
0.0005	0	-2	6.36481
0.0005	0	-2	6.36579
0.0005	0	-2	6.36684
0.0005	0	-2	6.36794
0.0005	0	-2	6.36911
0.0005	0	-2	6.37033
0.0005	0	-2	6.37159
0.0005	0	-2	6.37290
0.0005	0	-2	6.37422
0.0005	0	-2	6.37557
0.0005	0	-2	6.37692
0.0005	0	-2	6.37827
0.0005	0	-2	6.37960
0.0005	0	-2	6.38091
0.0005	0	-2	6.38217
0.0005	0	-2	6.38339
0.0005	0	-2	6.38454
0.0005	0	-2	6.38561
0.0005	0	-2	6.38660
0.0005	0	-2	6.38750
0.0005	0	-2	6.38829
0.0005	0	-2	6.38804
0.0005	0	-2	6.38769
0.0005	0	-2	6.38725
0.0005	0	-2	6.38674
0.0005	0	-2	6.38617
0.0005	0	-2	6.38555
0.0005	0	-2	6.38490
0.0005	0	-2	6.38424
0.0005	0	-2	6.38359
0.0005	0	-2	6.38294
0.0005	0	-2	6.38233
0.0005	0	-2	6.38176
0.0005	0	-2	6.38124
0.0005	0	-2	6.38079
0.0005	0	-2	6.38042
0.0005	0	-2	6.38012
0.0005	0	-2	6.37992
0.0005	0	-2	6.37982
0.0005	0	-2	6.37982
0.0005	0	-2	6.37992
0.0005	0	-2	6.37989
0.0005	0	-2	6.37996
0.0005	0	-2	6.38015
0.0005	0	-2	6.38046
0.0005	0	-2	6.38088
0.0005	0	-2	6.38142
0.0005	0	-2	6.38207
0.0005	0	-2	6.38283
0.0005	0	-2	6.38370
0.0005	0	-2	6.38466
0.0005	0	-2	6.38571
0.0005	0	-2	6.38683
0.0005	0	-2	6.38802
0.0005	0	-2	6.38927
0.0005	0	-2	6.39056
0.0005	0	-2	6.39188
0.0005	0	-2	6.39321
0.0005	0	-2	6.39454
0.0005	0	-2	6.39586
0.0005	0	-2	6.39716
0.0005	0	-2	6.39751
0.0005	0	-2	6.39783
0.0005	0	-2	6.39812
0.0005	0	-2	6.39840
0.0005	0	-2	6.39865
0.0005	0	-2	6.39891
0.0005	0	-2	6.39916
0.0005	0	-2	6.39942
0.0005	0	-2	6.39970
0.0005	0	-2	6.40000
0.0005	0	-2	6.40032
0.0005	0	-2	6.40067
0.0005	0	-2	6.40105
0.0005	0	-2	6.40147
0.0005	0	-2	6.40192
0.0005	0	-2	6.40242
0.0005	0	-2	6.40295
0.0005	0	-2	6.40352
0.0005	0	-2	6.40413
0.0005	0	-2	6.40477
0.0005	0	-2	6.40509
0.0005	0	-2	6.40544
0.0005	0	-2	6.40583
0.0005	0	-2	6.40626
0.0005	0	-2	6.40672
0.0005	0	-2	6.40722
0.0005	0	-2	6.40776
0.0005	0	-2	6.40833
0.0005	0	-2	6.40893
0.0005	0	-2	6.40956
0.0005	0	-2	6.41021
0.0005	0	-2	6.41087
0.0005	0	-2	6.41155
0.0005	0	-2	6.41222
0.0005	0	-2	6.41288
0.0005	0	-2	6.41354
0.0005	0	-2	6.41416
0.0005	0	-2	6.41476
0.0005	0	-2	6.41531
0.0005	0	-2	6.41582
0.0005	0	-2	6.41550
0.0005	0	-2	6.41513
0.0005	0	-2	6.41472
0.0005	0	-2	6.41428
0.0005	0	-2	6.41382
0.0005	0	-2	6.41335
0.0005	0	-2	6.41288
0.0005	0	-2	6.41241
0.0005	0	-2	6.41196
0.0005	0	-2	6.41153
0.0005	0	-2	6.41113
0.0005	0	-2	6.41076
0.0005	0	-2	6.41044
0.0005	0	-2	6.41017
0.0005	0	-2	6.40995
0.0005	0	-2	6.40978
0.0005	0	-2	6.40967
0.0005	0	-2	6.40962
0.0005	0	-2	6.40964
0.0005	0	-2	6.40971
0.0005	0	-2	6.40936
0.0005	0	-2	6.40908
0.0005	0	-2	6.40888
0.0005	0	-2	6.40876
0.0005	0	-2	6.40874
0.0005	0	-2	6.40881
0.0005	0	-2	6.40899
0.0005	0	-2	6.40928
0.0005	0	-2	6.40967
0.0005	0	-2	6.41016
0.0005	0	-2	6.41077
0.0005	0	-2	6.41148
0.0005	0	-2	6.41229
0.0005	0	-2	6.41321
0.0005	0	-2	6.41421
0.0005	0	-2	6.41530
0.0005	0	-2	6.41646
0.0005	0	-2	6.41770
0.0005	0	-2	6.41900
0.0005	0	-2	6.42035
0.0005	0	-2	6.42107
0.0005	0	-2	6.42183
0.0005	0	-2	6.42264
0.0005	0	-2	6.42350
0.0005	0	-2	6.42442
0.0005	0	-2	6.42539
0.0005	0	-2	6.42641
0.0005	0	-2	6.42749
0.0005	0	-2	6.42862
0.0005	0	-2	6.42981
0.0005	0	-2	6.43104
0.0005	0	-2	6.43232
0.0005	0	-2	6.43364
0.0005	0	-2	6.43499
0.0005	0	-2	6.43638
0.0005	0	-2	6.43779
0.0005	0	-2	6.43921
0.0005	0	-2	6.44064
0.0005	0	-2	6.44207
0.0005	0	-2	6.44349
0.0005	0	-2	6.44435
0.0005	0	-2	6.44519
0.0005	0	-2	6.44602
0.0005	0	-2	6.44683
0.0005	0	-2	6.44762
0.0005	0	-2	6.44840
0.0005	0	-2	6.44916
0.0005	0	-2	6.44991
0.0005	0	-2	6.45064
0.0005	0	-2	6.45135
0.0005	0	-2	6.45205
0.0005	0	-2	6.45272
0.0005	0	-2	6.45336
0.0005	0	-2	6.45398
0.0005	0	-2	6.45456
0.0005	0	-2	6.45511
0.0005	0	-2	6.45561
0.0005	0	-2	6.45607
0.0005	0	-2	6.45649
0.0005	0	-2	6.45685
0.0005	0	-2	6.45646
0.0005	0	-2	6.45604
0.0005	0	-2	6.45557
0.0005	0	-2	6.45509
0.0005	0	-2	6.45458
0.0005	0	-2	6.45408
0.0005	0	-2	6.45358
0.0005	0	-2	6.45310
0.0005	0	-2	6.45265
0.0005	0	-2	6.45223
0.0005	0	-2	6.45185
0.0005	0	-2	6.45152
0.0005	0	-2	6.45124
0.0005	0	-2	6.45102
0.0005	0	-2	6.45086
0.0005	0	-2	6.45077
0.0005	0	-2	6.45074
0.0005	0	-2	6.45078
0.0005	0	-2	6.45088
0.0005	0	-2	6.45105
0.0005	0	-2	6.45080
0.0005	0	-2	6.45061
0.0005	0	-2	6.45051
0.0005	0	-2	6.45049
0.0005	0	-2	6.45055
0.0005	0	-2	6.45071
0.0005	0	-2	6.45097
0.0005	0	-2	6.45132
0.0005	0	-2	6.45177
0.0005	0	-2	6.45232
0.0005	0	-2	6.45296
0.0005	0	-2	6.45370
0.0005	0	-2	6.45452
0.0005	0	-2	6.45543
0.0005	0	-2	6.45642
0.0005	0	-2	6.45747
0.0005	0	-2	6.45859
0.0005	0	-2	6.45977
0.0005	0	-2	6.46099
0.0005	0	-2	6.46225
0.0005	0	-2	6.46281
0.0005	0	-2	6.46340
0.0005	0	-2	6.46403
0.0005	0	-2	6.46471
0.0005	0	-2	6.46544
0.0005	0	-2	6.46622
0.0005	0	-2	6.46707
0.0005	0	-2	6.46798
0.0005	0	-2	6.46895
0.0005	0	-2	6.46999
0.0005	0	-2	6.47110
0.0005	0	-2	6.47227
0.0005	0	-2	6.47351
0.0005	0	-2	6.47481
0.0005	0	-2	6.47617
0.0005	0	-2	6.47758
0.0005	0	-2	6.47904
0.0005	0	-2	6.48054
0.0005	0	-2	6.48207
0.0005	0	-2	6.48363
0.0005	0	-2	6.48475
0.0005	0	-2	6.48588
0.0005	0	-2	6.48703
0.0005	0	-2	6.48819
0.0005	0	-2	6.48936
0.0005	0	-2	6.49055
0.0005	0	-2	6.49174
0.0005	0	-2	6.49294
0.0005	0	-2	6.49413
0.0005	0	-2	6.49531
0.0005	0	-2	6.49649
0.0005	0	-2	6.49764
0.0005	0	-2	6.49876
0.0005	0	-2	6.49985
0.0005	0	-2	6.50090
0.0005	0	-2	6.50189
0.0005	0	-2	6.50282
0.0005	0	-2	6.50369
0.0005	0	-2	6.50448
0.0005	0	-2	6.50518
0.0005	0	-2	6.50504
0.0005	0	-2	6.50481
0.0005	0	-2	6.50450
0.0005	0	-2	6.50414
0.0005	0	-2	6.50371
0.0005	0	-2	6.50324
0.0005	0	-2	6.50274
0.0005	0	-2	6.50221
0.0005	0	-2	6.50166
0.0005	0	-2	6.50110
0.0005	0	-2	6.50053
0.0005	0	-2	6.49997
0.0005	0	-2	6.49943
0.0005	0	-2	6.49889
0.0005	0	-2	6.49838
0.0005	0	-2	6.49789
0.0005	0	-2	6.49743
0.0005	0	-2	6.49699
0.0005	0	-2	6.49659
0.0005	0	-2	6.49621
0.0005	0	-2	6.49542
0.0005	0	-2	6.49467
0.0005	0	-2	6.49397
0.0005	0	-2	6.49331
0.0005	0	-2	6.49271
0.0005	0	-2	6.49217
0.0005	0	-2	6.49169
0.0005	0	-2	6.49128
0.0005	0	-2	6.49094
0.0005	0	-2	6.49066
0.0005	0	-2	6.49045
0.0005	0	-2	6.49030
0.0005	0	-2	6.49022
0.0005	0	-2	6.49019
0.0005	0	-2	6.49022
0.0005	0	-2	6.49030
0.0005	0	-2	6.49042
0.0005	0	-2	6.49058
0.0005	0	-2	6.49076
0.0005	0	-2	6.49098
0.0005	0	-2	6.49044
0.0005	0	-2	6.48993
0.0005	0	-2	6.48945
0.0005	0	-2	6.48903
0.0005	0	-2	6.48865
0.0005	0	-2	6.48834
0.0005	0	-2	6.48810
0.0005	0	-2	6.48794
0.0005	0	-2	6.48786
0.0005	0	-2	6.48787
0.0005	0	-2	6.48797
0.0005	0	-2	6.48817
0.0005	0	-2	6.48847
0.0005	0	-2	6.48887
0.0005	0	-2	6.48936
0.0005	0	-2	6.48996
0.0005	0	-2	6.49065
0.0005	0	-2	6.49144
0.0005	0	-2	6.49231
0.0005	0	-2	6.49327
0.0005	0	-2	6.49384
0.0005	0	-2	6.49450
0.0005	0	-2	6.49523
0.0005	0	-2	6.49605
0.0005	0	-2	6.49695
0.0005	0	-2	6.49792
0.0005	0	-2	6.49897
0.0005	0	-2	6.50010
0.0005	0	-2	6.50129
0.0005	0	-2	6.50255
0.0005	0	-2	6.50386
0.0005	0	-2	6.50522
0.0005	0	-2	6.50662
0.0005	0	-2	6.50805
0.0005	0	-2	6.50950
0.0005	0	-2	6.51096
0.0005	0	-2	6.51243
0.0005	0	-2	6.51388
0.0005	0	-2	6.51531
0.0005	0	-2	6.51671
0.0005	0	-2	6.51731
0.0005	0	-2	6.51788
0.0005	0	-2	6.51842
0.0005	0	-2	6.51892
0.0005	0	-2	6.51941
0.0005	0	-2	6.51988
0.0005	0	-2	6.52033
0.0005	0	-2	6.52078
0.0005	0	-2	6.52122
0.0005	0	-2	6.52166
0.0005	0	-2	6.52211
0.0005	0	-2	6.52256
0.0005	0	-2	6.52302
0.0005	0	-2	6.52348
0.0005	0	-2	6.52395
0.0005	0	-2	6.52443
0.0005	0	-2	6.52491
0.0005	0	-2	6.52540
0.0005	0	-2	6.52589
0.0005	0	-2	6.52638
0.0005	0	-2	6.52640
0.0005	0	-2	6.52643
0.0005	0	-2	6.52646
0.0005	0	-2	6.52650
0.0005	0	-2	6.52655
0.0005	0	-2	6.52662
0.0005	0	-2	6.52670
0.0005	0	-2	6.52680
0.0005	0	-2	6.52693
0.0005	0	-2	6.52707
0.0005	0	-2	6.52723
0.0005	0	-2	6.52741
0.0005	0	-2	6.52760
0.0005	0	-2	6.52781
0.0005	0	-2	6.52802
0.0005	0	-2	6.52824
0.0005	0	-2	6.52846
0.0005	0	-2	6.52868
0.0005	0	-2	6.52889
0.0005	0	-2	6.52908
0.0005	0	-2	6.52848
0.0005	0	-2	6.52787
0.0005	0	-2	6.52727
0.0005	0	-2	6.52669
0.0005	0	-2	6.52614
0.0005	0	-2	6.52563
0.0005	0	-2	6.52518
0.0005	0	-2	6.52479
0.0005	0	-2	6.52447
0.0005	0	-2	6.52424
0.0005	0	-2	6.52409
0.0005	0	-2	6.52403
0.0005	0	-2	6.52408
0.0005	0	-2	6.52422
0.0005	0	-2	6.52447
0.0005	0	-2	6.52482
0.0005	0	-2	6.52528
0.0005	0	-2	6.52584
0.0005	0	-2	6.52649
0.0005	0	-2	6.52725
0.0005	0	-2	6.52767
0.0005	0	-2	6.52819
0.0005	0	-2	6.52880
0.0005	0	-2	6.52950
0.0005	0	-2	6.53029
0.0005	0	-2	6.53116
0.0005	0	-2	6.53212
0.0005	0	-2	6.53316
0.0005	0	-2	6.53426
0.0005	0	-2	6.53544
0.0005	0	-2	6.53667
0.0005	0	-2	6.53794
0.0005	0	-2	6.53925
0.0005	0	-2	6.54059
0.0005	0	-2	6.54194
0.0005	0	-2	6.54329
0.0005	0	-2	6.54463
0.0005	0	-2	6.54595
0.0005	0	-2	6.54724
0.0005	0	-2	6.54847
0.0005	0	-2	6.54883
0.0005	0	-2	6.54914
0.0005	0	-2	6.54940
0.0005	0	-2	6.54962
0.0005	0	-2	6.54981
0.0005	0	-2	6.54996
0.0005	0	-2	6.55009
0.0005	0	-2	6.55021
0.0005	0	-2	6.55031
0.0005	0	-2	6.55041
0.0005	0	-2	6.55051
0.0005	0	-2	6.55061
0.0005	0	-2	6.55072
0.0005	0	-2	6.55084
0.0005	0	-2	6.55096
0.0005	0	-2	6.55110
0.0005	0	-2	6.55125
0.0005	0	-2	6.55142
0.0005	0	-2	6.55159
0.0005	0	-2	6.55177
0.0005	0	-2	6.55154
0.0005	0	-2	6.55132
0.0005	0	-2	6.55112
0.0005	0	-2	6.55094
0.0005	0	-2	6.55078
0.0005	0	-2	6.55065
0.0005	0	-2	6.55055
0.0005	0	-2	6.55048
0.0005	0	-2	6.55043
0.0005	0	-2	6.55041
0.0005	0	-2	6.55042
0.0005	0	-2	6.55045
0.0005	0	-2	6.55051
0.0005	0	-2	6.55057
0.0005	0	-2	6.55065
0.0005	0	-2	6.55074
0.0005	0	-2	6.55083
0.0005	0	-2	6.55091
0.0005	0	-2	6.55099
0.0005	0	-2	6.55104
0.0005	0	-2	6.55031
0.0005	0	-2	6.54956
0.0005	0	-2	6.54881
0.0005	0	-2	6.54808
0.0005	0	-2	6.54737
0.0005	0	-2	6.54669
0.0005	0	-2	6.54606
0.0005	0	-2	6.54548
0.0005	0	-2	6.54496
0.0005	0	-2	6.54451
0.0005	0	-2	6.54414
0.0005	0	-2	6.54386
0.0005	0	-2	6.54366
0.0005	0	-2	6.54356
0.0005	0	-2	6.54356
0.0005	0	-2	6.54366
0.0005	0	-2	6.54386
0.0005	0	-2	6.54416
0.0005	0	-2	6.54456
0.0005	0	-2	6.54506
0.0005	0	-2	6.54515
0.0005	0	-2	6.54536
0.0005	0	-2	6.54566
0.0005	0	-2	6.54609
0.0005	0	-2	6.54663
0.0005	0	-2	6.54728
0.0005	0	-2	6.54806
0.0005	0	-2	6.54896
0.0005	0	-2	6.54998
0.0005	0	-2	6.55111
0.0005	0	-2	6.55235
0.0005	0	-2	6.55370
0.0005	0	-2	6.55515
0.0005	0	-2	6.55669
0.0005	0	-2	6.55832
0.0005	0	-2	6.56002
0.0005	0	-2	6.56178
0.0005	0	-2	6.56359
0.0005	0	-2	6.56545
0.0005	0	-2	6.56733
0.0005	0	-2	6.56856
0.0005	0	-2	6.56980
0.0005	0	-2	6.57107
0.0005	0	-2	6.57235
0.0005	0	-2	6.57365
0.0005	0	-2	6.57497
0.0005	0	-2	6.57631
0.0005	0	-2	6.57767
0.0005	0	-2	6.57904
0.0005	0	-2	6.58043
0.0005	0	-2	6.58183
0.0005	0	-2	6.58324
0.0005	0	-2	6.58466
0.0005	0	-2	6.58607
0.0005	0	-2	6.58748
0.0005	0	-2	6.58888
0.0005	0	-2	6.59026
0.0005	0	-2	6.59162
0.0005	0	-2	6.59295
0.0005	0	-2	6.59425
0.0005	0	-2	6.59489
0.0005	0	-2	6.59550
0.0005	0	-2	6.59608
0.0005	0	-2	6.59663
0.0005	0	-2	6.59716
0.0005	0	-2	6.59768
0.0005	0	-2	6.59819
0.0005	0	-2	6.59869
0.0005	0	-2	6.59920
0.0005	0	-2	6.59970
0.0005	0	-2	6.60021
0.0005	0	-2	6.60072
0.0005	0	-2	6.60124
0.0005	0	-2	6.60175
0.0005	0	-2	6.60228
0.0005	0	-2	6.60280
0.0005	0	-2	6.60332
0.0005	0	-2	6.60383
0.0005	0	-2	6.60434
0.0005	0	-2	6.60483
0.0005	0	-2	6.60472
0.0005	0	-2	6.60461
0.0005	0	-2	6.60449
0.0005	0	-2	6.60437
0.0005	0	-2	6.60426
0.0005	0	-2	6.60417
0.0005	0	-2	6.60409
0.0005	0	-2	6.60403
0.0005	0	-2	6.60400
0.0005	0	-2	6.60399
0.0005	0	-2	6.60401
0.0005	0	-2	6.60406
0.0005	0	-2	6.60413
0.0005	0	-2	6.60423
0.0005	0	-2	6.60435
0.0005	0	-2	6.60449
0.0005	0	-2	6.60465
0.0005	0	-2	6.60482
0.0005	0	-2	6.60499
0.0005	0	-2	6.60517
0.0005	0	-2	6.60468
0.0005	0	-2	6.60420
0.0005	0	-2	6.60373
0.0005	0	-2	6.60328
0.0005	0	-2	6.60286
0.0005	0	-2	6.60248
0.0005	0	-2	6.60214
0.0005	0	-2	6.60184
0.0005	0	-2	6.60160
0.0005	0	-2	6.60141
0.0005	0	-2	6.60128
0.0005	0	-2	6.60122
0.0005	0	-2	6.60121
0.0005	0	-2	6.60126
0.0005	0	-2	6.60137
0.0005	0	-2	6.60153
0.0005	0	-2	6.60175
0.0005	0	-2	6.60202
0.0005	0	-2	6.60234
0.0005	0	-2	6.60270
0.0005	0	-2	6.60252
0.0005	0	-2	6.60239
0.0005	0	-2	6.60230
0.0005	0	-2	6.60226
0.0005	0	-2	6.60228
0.0005	0	-2	6.60235
0.0005	0	-2	6.60248
0.0005	0	-2	6.60267
0.0005	0	-2	6.60293
0.0005	0	-2	6.60324
0.0005	0	-2	6.60361
0.0005	0	-2	6.60404
0.0005	0	-2	6.60452
0.0005	0	-2	6.60505
0.0005	0	-2	6.60563
0.0005	0	-2	6.60624
0.0005	0	-2	6.60689
0.0005	0	-2	6.60756
0.0005	0	-2	6.60826
0.0005	0	-2	6.60896
0.0005	0	-2	6.60901
0.0005	0	-2	6.60908
0.0005	0	-2	6.60916
0.0005	0	-2	6.60926
0.0005	0	-2	6.60939
0.0005	0	-2	6.60955
0.0005	0	-2	6.60975
0.0005	0	-2	6.60999
0.0005	0	-2	6.61028
0.0005	0	-2	6.61061
0.0005	0	-2	6.61100
0.0005	0	-2	6.61143
0.0005	0	-2	6.61191
0.0005	0	-2	6.61244
0.0005	0	-2	6.61301
0.0005	0	-2	6.61363
0.0005	0	-2	6.61429
0.0005	0	-2	6.61498
0.0005	0	-2	6.61570
0.0005	0	-2	6.61645
0.0005	0	-2	6.61664
0.0005	0	-2	6.61686
0.0005	0	-2	6.61710
0.0005	0	-2	6.61739
0.0005	0	-2	6.61772
0.0005	0	-2	6.61809
0.0005	0	-2	6.61852
0.0005	0	-2	6.61899
0.0005	0	-2	6.61952
0.0005	0	-2	6.62010
0.0005	0	-2	6.62074
0.0005	0	-2	6.62143
0.0005	0	-2	6.62216
0.0005	0	-2	6.62294
0.0005	0	-2	6.62377
0.0005	0	-2	6.62463
0.0005	0	-2	6.62552
0.0005	0	-2	6.62643
0.0005	0	-2	6.62737
0.0005	0	-2	6.62831
0.0005	0	-2	6.62863
0.0005	0	-2	6.62895
0.0005	0	-2	6.62929
0.0005	0	-2	6.62964
0.0005	0	-2	6.63002
0.0005	0	-2	6.63043
0.0005	0	-2	6.63086
0.0005	0	-2	6.63132
0.0005	0	-2	6.63182
0.0005	0	-2	6.63235
0.0005	0	-2	6.63291
0.0005	0	-2	6.63351
0.0005	0	-2	6.63413
0.0005	0	-2	6.63479
0.0005	0	-2	6.63547
0.0005	0	-2	6.63617
0.0005	0	-2	6.63689
0.0005	0	-2	6.63762
0.0005	0	-2	6.63835
0.0005	0	-2	6.63909
0.0005	0	-2	6.63919
0.0005	0	-2	6.63929
0.0005	0	-2	6.63940
0.0005	0	-2	6.63953
0.0005	0	-2	6.63967
0.0005	0	-2	6.63983
0.0005	0	-2	6.64002
0.0005	0	-2	6.64024
0.0005	0	-2	6.64050
0.0005	0	-2	6.64079
0.0005	0	-2	6.64112
0.0005	0	-2	6.64148
0.0005	0	-2	6.64189
0.0005	0	-2	6.64232
0.0005	0	-2	6.64279
0.0005	0	-2	6.64328
0.0005	0	-2	6.64380
0.0005	0	-2	6.64434
0.0005	0	-2	6.64489
0.0005	0	-2	6.64546
0.0005	0	-2	6.64542
0.0005	0	-2	6.64540
0.0005	0	-2	6.64539
0.0005	0	-2	6.64540
0.0005	0	-2	6.64544
0.0005	0	-2	6.64550
0.0005	0	-2	6.64559
0.0005	0	-2	6.64572
0.0005	0	-2	6.64588
0.0005	0	-2	6.64608
0.0005	0	-2	6.64632
0.0005	0	-2	6.64659
0.0005	0	-2	6.64689
0.0005	0	-2	6.64723
0.0005	0	-2	6.64760
0.0005	0	-2	6.64799
0.0005	0	-2	6.64839
0.0005	0	-2	6.64882
0.0005	0	-2	6.64925
0.0005	0	-2	6.64969
0.0005	0	-2	6.64948
0.0005	0	-2	6.64928
0.0005	0	-2	6.64910
0.0005	0	-2	6.64893
0.0005	0	-2	6.64878
0.0005	0	-2	6.64866
0.0005	0	-2	6.64858
0.0005	0	-2	6.64854
0.0005	0	-2	6.64854
0.0005	0	-2	6.64859
0.0005	0	-2	6.64868
0.0005	0	-2	6.64882
0.0005	0	-2	6.64902
0.0005	0	-2	6.64925
0.0005	0	-2	6.64954
0.0005	0	-2	6.64987
0.0005	0	-2	6.65023
0.0005	0	-2	6.65064
0.0005	0	-2	6.65107
0.0005	0	-2	6.65154
0.0005	0	-2	6.65139
0.0005	0	-2	6.65127
0.0005	0	-2	6.65118
0.0005	0	-2	6.65114
0.0005	0	-2	6.65114
0.0005	0	-2	6.65120
0.0005	0	-2	6.65131
0.0005	0	-2	6.65149
0.0005	0	-2	6.65173
0.0005	0	-2	6.65203
0.0005	0	-2	6.65240
0.0005	0	-2	6.65283
0.0005	0	-2	6.65332
0.0005	0	-2	6.65386
0.0005	0	-2	6.65447
0.0005	0	-2	6.65512
0.0005	0	-2	6.65581
0.0005	0	-2	6.65654
0.0005	0	-2	6.65729
0.0005	0	-2	6.65807
0.0005	0	-2	6.65832
0.0005	0	-2	6.65859
0.0005	0	-2	6.65887
0.0005	0	-2	6.65917
0.0005	0	-2	6.65949
0.0005	0	-2	6.65982
0.0005	0	-2	6.66017
0.0005	0	-2	6.66054
0.0005	0	-2	6.66092
0.0005	0	-2	6.66131
0.0005	0	-2	6.66172
0.0005	0	-2	6.66213
0.0005	0	-2	6.66254
0.0005	0	-2	6.66295
0.0005	0	-2	6.66335
0.0005	0	-2	6.66375
0.0005	0	-2	6.66412
0.0005	0	-2	6.66448
0.0005	0	-2	6.66482
0.0005	0	-2	6.66512
0.0005	0	-2	6.66458
0.0005	0	-2	6.66402
0.0005	0	-2	6.66345
0.0005	0	-2	6.66288
0.0005	0	-2	6.66234
0.0005	0	-2	6.66182
0.0005	0	-2	6.66135
0.0005	0	-2	6.66094
0.0005	0	-2	6.66059
0.0005	0	-2	6.66031
0.0005	0	-2	6.66012
0.0005	0	-2	6.66002
0.0005	0	-2	6.66002
0.0005	0	-2	6.66013
0.0005	0	-2	6.66033
0.0005	0	-2	6.66065
0.0005	0	-2	6.66107
0.0005	0	-2	6.66161
0.0005	0	-2	6.66224
0.0005	0	-2	6.66298
0.0005	0	-2	6.66348
0.0005	0	-2	6.66407
0.0005	0	-2	6.66477
0.0005	0	-2	6.66555
0.0005	0	-2	6.66643
0.0005	0	-2	6.66740
0.0005	0	-2	6.66845
0.0005	0	-2	6.66957
0.0005	0	-2	6.67077
0.0005	0	-2	6.67202
0.0005	0	-2	6.67332
0.0005	0	-2	6.67466
0.0005	0	-2	6.67603
0.0005	0	-2	6.67742
0.0005	0	-2	6.67881
0.0005	0	-2	6.68019
0.0005	0	-2	6.68156
0.0005	0	-2	6.68290
0.0005	0	-2	6.68419
0.0005	0	-2	6.68543
0.0005	0	-2	6.68561
0.0005	0	-2	6.68574
0.0005	0	-2	6.68584
0.0005	0	-2	6.68590
0.0005	0	-2	6.68595
0.0005	0	-2	6.68600
0.0005	0	-2	6.68607
0.0005	0	-2	6.68616
0.0005	0	-2	6.68629
0.0005	0	-2	6.68646
0.0005	0	-2	6.68670
0.0005	0	-2	6.68701
0.0005	0	-2	6.68740
0.0005	0	-2	6.68787
0.0005	0	-2	6.68843
0.0005	0	-2	6.68909
0.0005	0	-2	6.68985
0.0005	0	-2	6.69071
0.0005	0	-2	6.69167
0.0005	0	-2	6.69273
0.0005	0	-2	6.69368
0.0005	0	-2	6.69473
0.0005	0	-2	6.69586
0.0005	0	-2	6.69709
0.0005	0	-2	6.69841
0.0005	0	-2	6.69980
0.0005	0	-2	6.70127
0.0005	0	-2	6.70280
0.0005	0	-2	6.70438
0.0005	0	-2	6.70601
0.0005	0	-2	6.70767
0.0005	0	-2	6.70935
0.0005	0	-2	6.71103
0.0005	0	-2	6.71271
0.0005	0	-2	6.71436
0.0005	0	-2	6.71598
0.0005	0	-2	6.71755
0.0005	0	-2	6.71905
0.0005	0	-2	6.72048
0.0005	0	-2	6.72183
0.0005	0	-2	6.72202
0.0005	0	-2	6.72213
0.0005	0	-2	6.72217
0.0005	0	-2	6.72215
0.0005	0	-2	6.72208
0.0005	0	-2	6.72200
0.0005	0	-2	6.72190
0.0005	0	-2	6.72180
0.0005	0	-2	6.72172
0.0005	0	-2	6.72168
0.0005	0	-2	6.72169
0.0005	0	-2	6.72176
0.0005	0	-2	6.72190
0.0005	0	-2	6.72213
0.0005	0	-2	6.72245
0.0005	0	-2	6.72288
0.0005	0	-2	6.72342
0.0005	0	-2	6.72407
0.0005	0	-2	6.72485
0.0005	0	-2	6.72575
0.0005	0	-2	6.72650
0.0005	0	-2	6.72738
0.0005	0	-2	6.72840
0.0005	0	-2	6.72955
0.0005	0	-2	6.73083
0.0005	0	-2	6.73224
0.0005	0	-2	6.73378
0.0005	0	-2	6.73545
0.0005	0	-2	6.73723
0.0005	0	-2	6.73912
0.0005	0	-2	6.74111
0.0005	0	-2	6.74318
0.0005	0	-2	6.74533
0.0005	0	-2	6.74754
0.0005	0	-2	6.74980
0.0005	0	-2	6.75208
0.0005	0	-2	6.75438
0.0005	0	-2	6.75668
0.0005	0	-2	6.75896
0.0005	0	-2	6.76121
0.0005	0	-2	6.76257
0.0005	0	-2	6.76389
0.0005	0	-2	6.76516
0.0005	0	-2	6.76640
0.0005	0	-2	6.76759
0.0005	0	-2	6.76876
0.0005	0	-2	6.76990
0.0005	0	-2	6.77101
0.0005	0	-2	6.77211
0.0005	0	-2	6.77319
0.0005	0	-2	6.77425
0.0005	0	-2	6.77531
0.0005	0	-2	6.77636
0.0005	0	-2	6.77741
0.0005	0	-2	6.77846
0.0005	0	-2	6.77951
0.0005	0	-2	6.78056
0.0005	0	-2	6.78161
0.0005	0	-2	6.78268
0.0005	0	-2	6.78374
0.0005	0	-2	6.78419
0.0005	0	-2	6.78465
0.0005	0	-2	6.78515
0.0005	0	-2	6.78569
0.0005	0	-2	6.78629
0.0005	0	-2	6.78695
0.0005	0	-2	6.78769
0.0005	0	-2	6.78852
0.0005	0	-2	6.78944
0.0005	0	-2	6.79047
0.0005	0	-2	6.79159
0.0005	0	-2	6.79282
0.0005	0	-2	6.79416
0.0005	0	-2	6.79560
0.0005	0	-2	6.79715
0.0005	0	-2	6.79880
0.0005	0	-2	6.80054
0.0005	0	-2	6.80238
0.0005	0	-2	6.80429
